SDId: 34685207
energy: 1.00625e+17
zenith: 0.645364
azimuth: 5.80099
GPSSeconc: 1126415842
stid: 332
spdistance: 1062.21
radio trace:
576 532 555 551 526 523 514 509 516 523 563 563 572 569 549 549 567 519 528 540 548 528 512 530 566 559 547 530 554 511 466 484 499 508 528 514 516 541 533 541 519 523 536 549 570 563 527 535 540 545 510 479 480 502 519 510 511 497 482 519 517 541 537 532 526 493 510 527 548 537 525 510 527 584 579 577 563 541 560 567 529 496 506 537 575 556 550 534 549 562 527 512 530 518 522 520 531 566 588 567 571 551 528 538 529 517 528 527 531 550 508 492 516 530 557 530 536 513 523 518 572 559 549 518 508 526 507 545 549 568 549 551 534 538 541 537 527 490 523 522 534 529 551 520 548 534 544 521 538 500 513 542 544 549 531 551 533 519 504 520 568 570 523 536 570 536 524 524 518 552 552 503 487 513 532 533 514 553 552 537 549 506 531 511 524 550 520 556 551 525 529 558 510 505 541 526 530 522 491 495 502 503 494 453 540 540 523 514 518 512 493 477 488 504 523 519 544 568 530 546 530 474 512 521 535 513 543 529 526 493 505 520 533 490 530 505 491 525 509 502 515 516 516 523 508 491 495 509 530 556 579 563 564 548 553 549 544 534 538 532 512 510 509 516 554 524 532 523 488 467 479 497 544 571 519 483 459 457 460 468 472 486 518 504 538 518 503 516 492 519 552 522 527 498 558 577 581 596 582 523 538 539 523 489 490 503 511 525 543 558 540 566 589 573 572 553 546 534 507 507 543 542 584 571 528 505 520 569 590 590 564 560 561 541 540 543 566 533 520 517 532 545 556 527 516 515 510 524 553 547 543 558 534 542 529 511 508 541 522 561 547 569 537 541 523 548 568 554 550 534 548 537 526 548 555 558 530 538 507 493 508 531 541 577 538 559 551 550 544 563 522 528 550 561 549 552 536 547 545 562 550 548 519 531 524 538 526 535 533 547 587 558 510 539 523 533 543 542 553 554 551 572 559 536 510 516 519 514 524 522 536 553 543 511 506 530 523 525 542 566 549 527 561 532 509 488 484 497 522 486 544 537 528 543 547 548 530 511 491 488 516 506 521 509 482 498 509 518 538 545 534 552 537 507 502 501 507 495 503 529 485 470 504 490 503 547 585 569 552 529 528 545 520 524 515 550 528 550 513 491 513 556 561 545 545 564 547 534 538 543 529 527 511 494 525 492 523 538 523 508 506 531 540 517 521 496 525 543 547 530 529 515 519 533 528 521 534 543 587 557 544 543 530 500 485 520 512 529 557 528 526 539 532 540 546 534 550 505 502 553 585 560 525 523 559 520 531 544 538 507 499 483 445 469 491 490 502 509 523 518 501 536 514 548 540 534 515 520 511 528 512 510 536 527 523 500 479 457 508 539 504 522 538 556 593 565 574 550 538 534 495 513 507 541 529 533 546 527 495 486 502 506 512 496 502 536 505 506 524 526 509 539 531 526 524 517 552 543 511 535 552 516 531 519 476 495 495 485 514 505 503 541 577 559 535 548 549 513 495 518 504 533 536 524 547 527 529 510 522 565 572 567 565 552 530 513 500 530 527 504 463 516 485 504 547 532 520 495 529 527 509 546 550 518 524 535 520 527 535 546 539 571 571 527 562 543 521 526 528 540 548 563 501 494 517 507 500 504 497 496 494 535 561 511 499 503 481 515 558 557 522 525 499 492 509 493 499 512 540 522 526 573 542 524 514 505 499 508 549 543 512 516 493 498 513 524 512 494 512 519 502 504 551 511 521 525 507 521 
vem trace:

